#====================================================================================================
#		For each Complex there are a unknow array for light effect
#====================================================================================================
[Complex 1]
 15 14 12 9 4 2 3 5 7 10 11 13 16 17
[Complex 2]
 9 4 1 2 3 7
[Complex 3]
 6 4 1 2 3 5 16 17
[Complex 4]
 9 8 4 1 2 3 7
[Complex 5]
 15 10 17
[Complex 6]
 14 12 11 13 16
[Complex 7]
 9 8
[Complex 8]
 11 13 16 17
[Complex 9]
 14 12 11 13
[Complex 10]
 15 10
[Complex 11]
 10 13
[Complex 12]
 4 2 3 5 10 16 17
[Complex 13]
 2 3 10 13 16 17
[Complex 14]
 2 3 11 13 16 17
[Complex 15]
 4 2 3 7 11 16 17
[Complex 16]
 4 1 2 3 5
[Complex 17]
 5
