#====================================================================================================
#		For each Complex there are a unknow array for light effect
#====================================================================================================
[Complex 1]
 37 24 26 27 28 29 30 33 34 35 36 52 53
[Complex 2]
 55 23 5 4 1 2 3 22 31 32 54
[Complex 3]
 25 16 15 6 7 8 9 10 11 12 13 14 17 18 19 20 21
[Complex 4]
 55 25 23 5 4 1 2 3 6 10 11 12 13 17 18 19 20 21 22 31 32
[Complex 5]
 37 25 24 4 2 10 11 12 13 17 18 19 26 27 28 29 30 33 34 35
[Complex 6]
 49 25 16 6 7 8 9 10 11 12 13 14 17 18 19 21 28 38 39 40 42 45 46 47 48
[Complex 7]
 37 24 26 27 28 29 30 33 34 35 52 53
[Complex 8]
 37 24 4 2 3 26 29 30 31 32 33 34 35 36
[Complex 9]
 37 24 26 27 29 30 33 34 35 36
[Complex 10]
 49 38 39 40 41 42 43 44 45 46 47 48 50 51
[Complex 11]
 28 40 41 42 43 44 50 51 52 53
[Complex 12]
 26 27 28 35 52 53
[Complex 13]
 56 37 2 3 31 32 36 54
[Complex 14]
 56 55 1 2 3 31 32 54
[Complex 15]
 37 36
