#====================================================================================================
#		For each Complex there are a unknow array for light effect
#====================================================================================================
[Complex 1]
 46 40 39 1 32 33 34 35 36 37 38 42 44 45
[Complex 2]
 48 2 41 42
[Complex 3]
 48
[Complex 4]
 1 32 45
[Complex 5]
 47 43 3 16 17 18 21 22 24 25 28 29
[Complex 6]
 47 43 2 3 41 42
[Complex 7]
 31 27 8 4 5 6 7 9 10 11 12 13 14
[Complex 8]
 4 5 6 9 10 11 12 13 14 15
[Complex 9]
 31 8 4 5 6 7 9 10 11 12 13 14
[Complex 10]
 9 10 11 12 13 14 15
[Complex 11]
 9 10 11 12 13 14 15
[Complex 12]
 4 5 6 7 9 10 11 12 13 14 15
[Complex 13]
 16 17 18 20 21 22 24 25 28 29
[Complex 14]
 30 27 16 17 18 19 20 21 22 23 24 25 26 28 29
[Complex 15]
 27 8 16 17 18 19 20 23 24 25 26 28 29
[Complex 16]
 43 16 17 18 20 24 25 28 29
[Complex 17]
 30 27 16 17 18 19 20 21 22 23 24 25 26 28 29
[Complex 18]
 31 27 8 5 6 7 16 17 18 19 20 23 24 25 26 28 29
[Complex 19]
 40 1 32 33 45
[Complex 20]
 40 39 33 34 35 36 37 38
[Complex 21]
 40 39 33 34 35 36 37 38
[Complex 22]
 46 43 41 42 44 45
[Complex 23]
 46 44 45
[Complex 24]
 46 44
[Complex 25]
 41 42 44 45
[Complex 26]
 44 45
[Complex 27]
 43
[Complex 28]
 46 44 45
[Complex 29]
 47 43 2 3 41 42
[Complex 30]
 43 41 42
[Complex 31]
 48
