#====================================================================================================
#		For each Complex there are a unknow array for light effect
#====================================================================================================
[Complex 1]
 114 113 75 12 1 2 3 4 5 6 7 8 9 10 11 76 77 97 98 99 100 108 109 110 111 171 172 173
[Complex 2]
 171 172
[Complex 3]
 13 53 54 55 56 57 62 63 64 65 66 164 166 167 168 169 171 172 173
[Complex 4]
 60 61 164 165 166 167 168 169 170
[Complex 5]
 175 174 15 14 19 20 21 22 23 27 161 162 163
[Complex 6]
 15 14 21 22 23 24 25 26 27 28 161 162 163
[Complex 7]
 174 15 16 17 18 19 20 21 22 23 24 25 26 27 28 31 32 33 34 40 41 43 44 45 46 47 48 49 50 51 52 58 59 60 61 162 163
[Complex 8]
 175 174 160 159 132 72 19 42 43 44 45 46 70 133 134 135 157 158
[Complex 9]
 175 160 159 132 131 16 17 18 29 30 31 32 33 34 35 36 37 38 39 40 41 42 43 44 45 46 47 48 49 50 51 52 134 135 136 137 138 156 158
[Complex 10]
 67 18 29 40 41 49 50 51 52 53 54 55 56 57 58 59 60 61 62 63 64 65 66 164 165 166 167 168 169 173
[Complex 11]
 159 145 140 132 131 74 73 72 42 68 69 70 71 119 120 121 122 123 124 133 134 135 136 137 139 141 147 148 150 151 152 153 154 155 156 157
[Complex 12]
 116 115 114 113 112 87 1 2 5 7 8 76 77 78 79 80 81 82 83 84 85 86 88 89 97 98 99 100 101 102 103 104 105 106 107 108 109 110 111
[Complex 13]
 75 67 1 2 3 6 7 30 55 76 77 78 97 99 100 108 109
[Complex 14]
 146 140 115 96 87 75 1 2 7 30 38 76 77 78 79 80 81 82 83 84 85 86 88 89 90 91 92 93 94 95 97 98 99 100 101 103 107 108 109 117
 118 119 120 123 125 126 127 128 129 130 138 141 142 143 144 149 154 155 156
[Complex 15]
 116 115 114 113 112 87 75 1 2 3 4 5 6 7 8 11 76 77 78 79 80 81 82 83 84 85 86 88 89 97 98 99 100 101 102 103 104 105 106 107
 108 109 110 111
[Complex 16]
 159 146 145 140 132 131 96 74 30 38 39 42 71 90 91 92 93 94 95 117 118 119 120 121 122 123 124 125 126 127 128 129 130 133 134 135 136 137 138 139
 141 142 143 144 147 148 149 150 151 152 153 154 155 156
[Complex 17]
 175 160 159 42 43 44 45 46 70 134 135 157 158
[Complex 18]
 15 20 21 22 23 24 25 26 27 28 161 162 163
[Complex 19]
 146 96 87 86 88 89 90 91 92 93 94 95 101 103 107 117 118 125 126 127 128 129 130 142 143 144 149
[Complex 20]
 56 57 58 59 60 61 62 164 165 166 167 168 169 170
[Complex 21]
 96 94 95 117 118 119 120 125 126
[Complex 22]
 67 53 54 55 63 64 65 66
[Complex 23]
 67 55
[Complex 24]
 160 159 31 34 35 36 37 38 39 42 43 134 135 136 137 138
[Complex 25]
 10 62 171 172 173
[Complex 26]
 13
[Complex 27]
 114 12 8 9 10 11 110 111
[Complex 28]
 175 174 19 43 44 45 46 158
